Affinity Scopes
===============
wq_unbound_cpumask=ffffffff

CPU
  nr_pods  32
  pod_cpus [0]=00000001 [1]=00000002 [2]=00000004 [3]=00000008 [4]=00000010 [5]=00000020 [6]=00000040 [7]=00000080 [8]=00000100 [9]=00000200 [10]=00000400 [11]=00000800 [12]=00001000 [13]=00002000 [14]=00004000 [15]=00008000 [16]=00010000 [17]=00020000 [18]=00040000 [19]=00080000 [20]=00100000 [21]=00200000 [22]=00400000 [23]=00800000 [24]=01000000 [25]=02000000 [26]=04000000 [27]=08000000 [28]=10000000 [29]=20000000 [30]=40000000 [31]=80000000
  pod_node [0]=0 [1]=0 [2]=0 [3]=0 [4]=0 [5]=0 [6]=0 [7]=0 [8]=0 [9]=0 [10]=0 [11]=0 [12]=0 [13]=0 [14]=0 [15]=0 [16]=0 [17]=0 [18]=0 [19]=0 [20]=0 [21]=0 [22]=0 [23]=0 [24]=0 [25]=0 [26]=0 [27]=0 [28]=0 [29]=0 [30]=0 [31]=0
  cpu_pod  [0]=0 [1]=1 [2]=2 [3]=3 [4]=4 [5]=5 [6]=6 [7]=7 [8]=8 [9]=9 [10]=10 [11]=11 [12]=12 [13]=13 [14]=14 [15]=15 [16]=16 [17]=17 [18]=18 [19]=19 [20]=20 [21]=21 [22]=22 [23]=23 [24]=24 [25]=25 [26]=26 [27]=27 [28]=28 [29]=29 [30]=30 [31]=31

SMT
  nr_pods  24
  pod_cpus [0]=00000003 [1]=0000000c [2]=00000030 [3]=000000c0 [4]=00000300 [5]=00000c00 [6]=00003000 [7]=0000c000 [8]=00010000 [9]=00020000 [10]=00040000 [11]=00080000 [12]=00100000 [13]=00200000 [14]=00400000 [15]=00800000 [16]=01000000 [17]=02000000 [18]=04000000 [19]=08000000 [20]=10000000 [21]=20000000 [22]=40000000 [23]=80000000
  pod_node [0]=0 [1]=0 [2]=0 [3]=0 [4]=0 [5]=0 [6]=0 [7]=0 [8]=0 [9]=0 [10]=0 [11]=0 [12]=0 [13]=0 [14]=0 [15]=0 [16]=0 [17]=0 [18]=0 [19]=0 [20]=0 [21]=0 [22]=0 [23]=0
  cpu_pod  [0]=0 [1]=0 [2]=1 [3]=1 [4]=2 [5]=2 [6]=3 [7]=3 [8]=4 [9]=4 [10]=5 [11]=5 [12]=6 [13]=6 [14]=7 [15]=7 [16]=8 [17]=9 [18]=10 [19]=11 [20]=12 [21]=13 [22]=14 [23]=15 [24]=16 [25]=17 [26]=18 [27]=19 [28]=20 [29]=21 [30]=22 [31]=23

CACHE
  nr_pods  1
  pod_cpus [0]=ffffffff
  pod_node [0]=0
  cpu_pod  [0]=0 [1]=0 [2]=0 [3]=0 [4]=0 [5]=0 [6]=0 [7]=0 [8]=0 [9]=0 [10]=0 [11]=0 [12]=0 [13]=0 [14]=0 [15]=0 [16]=0 [17]=0 [18]=0 [19]=0 [20]=0 [21]=0 [22]=0 [23]=0 [24]=0 [25]=0 [26]=0 [27]=0 [28]=0 [29]=0 [30]=0 [31]=0

CACHE_SHARD (default)
  nr_pods  3
  pod_cpus [0]=0000ffff [1]=00ff0000 [2]=ff000000
  pod_node [0]=0 [1]=0 [2]=0
  cpu_pod  [0]=0 [1]=0 [2]=0 [3]=0 [4]=0 [5]=0 [6]=0 [7]=0 [8]=0 [9]=0 [10]=0 [11]=0 [12]=0 [13]=0 [14]=0 [15]=0 [16]=1 [17]=1 [18]=1 [19]=1 [20]=1 [21]=1 [22]=1 [23]=1 [24]=2 [25]=2 [26]=2 [27]=2 [28]=2 [29]=2 [30]=2 [31]=2

NUMA
  nr_pods  1
  pod_cpus [0]=ffffffff
  pod_node [0]=0
  cpu_pod  [0]=0 [1]=0 [2]=0 [3]=0 [4]=0 [5]=0 [6]=0 [7]=0 [8]=0 [9]=0 [10]=0 [11]=0 [12]=0 [13]=0 [14]=0 [15]=0 [16]=0 [17]=0 [18]=0 [19]=0 [20]=0 [21]=0 [22]=0 [23]=0 [24]=0 [25]=0 [26]=0 [27]=0 [28]=0 [29]=0 [30]=0 [31]=0

SYSTEM
  nr_pods  1
  pod_cpus [0]=ffffffff
  pod_node [0]=-1
  cpu_pod  [0]=0 [1]=0 [2]=0 [3]=0 [4]=0 [5]=0 [6]=0 [7]=0 [8]=0 [9]=0 [10]=0 [11]=0 [12]=0 [13]=0 [14]=0 [15]=0 [16]=0 [17]=0 [18]=0 [19]=0 [20]=0 [21]=0 [22]=0 [23]=0 [24]=0 [25]=0 [26]=0 [27]=0 [28]=0 [29]=0 [30]=0 [31]=0

Worker Pools
============
pool[000] flags=0x05 ref=  1 nice=  0 idle/workers=  1/  1 cpu=  0 bh
pool[001] flags=0x05 ref=  1 nice=-20 idle/workers=  1/  1 cpu=  0 bh
pool[002] flags=0x00 ref=  1 nice=  0 idle/workers=  3/  3 cpu=  0
pool[003] flags=0x00 ref=  1 nice=-20 idle/workers=  2/  2 cpu=  0
pool[004] flags=0x05 ref=  1 nice=  0 idle/workers=  1/  1 cpu=  1 bh
pool[005] flags=0x05 ref=  1 nice=-20 idle/workers=  1/  1 cpu=  1 bh
pool[006] flags=0x00 ref=  1 nice=  0 idle/workers=  2/  2 cpu=  1
pool[007] flags=0x00 ref=  1 nice=-20 idle/workers=  2/  2 cpu=  1
pool[008] flags=0x05 ref=  1 nice=  0 idle/workers=  1/  1 cpu=  2 bh
pool[009] flags=0x05 ref=  1 nice=-20 idle/workers=  1/  1 cpu=  2 bh
pool[010] flags=0x00 ref=  1 nice=  0 idle/workers=  4/  4 cpu=  2
pool[011] flags=0x00 ref=  1 nice=-20 idle/workers=  2/  2 cpu=  2
pool[012] flags=0x05 ref=  1 nice=  0 idle/workers=  1/  1 cpu=  3 bh
pool[013] flags=0x05 ref=  1 nice=-20 idle/workers=  1/  1 cpu=  3 bh
pool[014] flags=0x00 ref=  1 nice=  0 idle/workers=  3/  3 cpu=  3
pool[015] flags=0x00 ref=  1 nice=-20 idle/workers=  2/  2 cpu=  3
pool[016] flags=0x05 ref=  1 nice=  0 idle/workers=  1/  1 cpu=  4 bh
pool[017] flags=0x05 ref=  1 nice=-20 idle/workers=  1/  1 cpu=  4 bh
pool[018] flags=0x00 ref=  1 nice=  0 idle/workers=  3/  3 cpu=  4
pool[019] flags=0x00 ref=  1 nice=-20 idle/workers=  2/  2 cpu=  4
pool[020] flags=0x05 ref=  1 nice=  0 idle/workers=  1/  1 cpu=  5 bh
pool[021] flags=0x05 ref=  1 nice=-20 idle/workers=  1/  1 cpu=  5 bh
pool[022] flags=0x00 ref=  1 nice=  0 idle/workers=  2/  2 cpu=  5
pool[023] flags=0x00 ref=  1 nice=-20 idle/workers=  2/  2 cpu=  5
pool[024] flags=0x05 ref=  1 nice=  0 idle/workers=  1/  1 cpu=  6 bh
pool[025] flags=0x05 ref=  1 nice=-20 idle/workers=  1/  1 cpu=  6 bh
pool[026] flags=0x00 ref=  1 nice=  0 idle/workers=  3/  3 cpu=  6
pool[027] flags=0x00 ref=  1 nice=-20 idle/workers=  2/  2 cpu=  6
pool[028] flags=0x05 ref=  1 nice=  0 idle/workers=  1/  1 cpu=  7 bh
pool[029] flags=0x05 ref=  1 nice=-20 idle/workers=  1/  1 cpu=  7 bh
pool[030] flags=0x00 ref=  1 nice=  0 idle/workers=  4/  4 cpu=  7
pool[031] flags=0x00 ref=  1 nice=-20 idle/workers=  2/  2 cpu=  7
pool[032] flags=0x05 ref=  1 nice=  0 idle/workers=  1/  1 cpu=  8 bh
pool[033] flags=0x05 ref=  1 nice=-20 idle/workers=  1/  1 cpu=  8 bh
pool[034] flags=0x00 ref=  1 nice=  0 idle/workers=  2/  2 cpu=  8
pool[035] flags=0x00 ref=  1 nice=-20 idle/workers=  2/  2 cpu=  8
pool[036] flags=0x05 ref=  1 nice=  0 idle/workers=  1/  1 cpu=  9 bh
pool[037] flags=0x05 ref=  1 nice=-20 idle/workers=  1/  1 cpu=  9 bh
pool[038] flags=0x00 ref=  1 nice=  0 idle/workers=  2/  2 cpu=  9
pool[039] flags=0x00 ref=  1 nice=-20 idle/workers=  2/  2 cpu=  9
pool[040] flags=0x05 ref=  1 nice=  0 idle/workers=  1/  1 cpu= 10 bh
pool[041] flags=0x05 ref=  1 nice=-20 idle/workers=  1/  1 cpu= 10 bh
pool[042] flags=0x00 ref=  1 nice=  0 idle/workers=  3/  3 cpu= 10
pool[043] flags=0x00 ref=  1 nice=-20 idle/workers=  2/  2 cpu= 10
pool[044] flags=0x05 ref=  1 nice=  0 idle/workers=  1/  1 cpu= 11 bh
pool[045] flags=0x05 ref=  1 nice=-20 idle/workers=  1/  1 cpu= 11 bh
pool[046] flags=0x00 ref=  1 nice=  0 idle/workers=  3/  3 cpu= 11
pool[047] flags=0x00 ref=  1 nice=-20 idle/workers=  2/  2 cpu= 11
pool[048] flags=0x05 ref=  1 nice=  0 idle/workers=  1/  1 cpu= 12 bh
pool[049] flags=0x05 ref=  1 nice=-20 idle/workers=  1/  1 cpu= 12 bh
pool[050] flags=0x00 ref=  1 nice=  0 idle/workers=  3/  3 cpu= 12
pool[051] flags=0x00 ref=  1 nice=-20 idle/workers=  2/  2 cpu= 12
pool[052] flags=0x05 ref=  1 nice=  0 idle/workers=  1/  1 cpu= 13 bh
pool[053] flags=0x05 ref=  1 nice=-20 idle/workers=  1/  1 cpu= 13 bh
pool[054] flags=0x00 ref=  1 nice=  0 idle/workers=  3/  3 cpu= 13
pool[055] flags=0x00 ref=  1 nice=-20 idle/workers=  2/  2 cpu= 13
pool[056] flags=0x05 ref=  1 nice=  0 idle/workers=  1/  1 cpu= 14 bh
pool[057] flags=0x05 ref=  1 nice=-20 idle/workers=  1/  1 cpu= 14 bh
pool[058] flags=0x00 ref=  1 nice=  0 idle/workers=  2/  2 cpu= 14
pool[059] flags=0x00 ref=  1 nice=-20 idle/workers=  2/  2 cpu= 14
pool[060] flags=0x05 ref=  1 nice=  0 idle/workers=  1/  1 cpu= 15 bh
pool[061] flags=0x05 ref=  1 nice=-20 idle/workers=  1/  1 cpu= 15 bh
pool[062] flags=0x00 ref=  1 nice=  0 idle/workers=  2/  2 cpu= 15
pool[063] flags=0x00 ref=  1 nice=-20 idle/workers=  2/  2 cpu= 15
pool[064] flags=0x05 ref=  1 nice=  0 idle/workers=  1/  1 cpu= 16 bh
pool[065] flags=0x05 ref=  1 nice=-20 idle/workers=  1/  1 cpu= 16 bh
pool[066] flags=0x00 ref=  1 nice=  0 idle/workers=  2/  2 cpu= 16
pool[067] flags=0x00 ref=  1 nice=-20 idle/workers=  2/  2 cpu= 16
pool[068] flags=0x05 ref=  1 nice=  0 idle/workers=  1/  1 cpu= 17 bh
pool[069] flags=0x05 ref=  1 nice=-20 idle/workers=  1/  1 cpu= 17 bh
pool[070] flags=0x00 ref=  1 nice=  0 idle/workers=  3/  3 cpu= 17
pool[071] flags=0x00 ref=  1 nice=-20 idle/workers=  2/  2 cpu= 17
pool[072] flags=0x05 ref=  1 nice=  0 idle/workers=  1/  1 cpu= 18 bh
pool[073] flags=0x05 ref=  1 nice=-20 idle/workers=  1/  1 cpu= 18 bh
pool[074] flags=0x00 ref=  1 nice=  0 idle/workers=  2/  2 cpu= 18
pool[075] flags=0x00 ref=  1 nice=-20 idle/workers=  2/  2 cpu= 18
pool[076] flags=0x05 ref=  1 nice=  0 idle/workers=  1/  1 cpu= 19 bh
pool[077] flags=0x05 ref=  1 nice=-20 idle/workers=  1/  1 cpu= 19 bh
pool[078] flags=0x00 ref=  1 nice=  0 idle/workers=  2/  2 cpu= 19
pool[079] flags=0x00 ref=  1 nice=-20 idle/workers=  2/  2 cpu= 19
pool[080] flags=0x05 ref=  1 nice=  0 idle/workers=  1/  1 cpu= 20 bh
pool[081] flags=0x05 ref=  1 nice=-20 idle/workers=  1/  1 cpu= 20 bh
pool[082] flags=0x00 ref=  1 nice=  0 idle/workers=  2/  2 cpu= 20
pool[083] flags=0x00 ref=  1 nice=-20 idle/workers=  2/  2 cpu= 20
pool[084] flags=0x05 ref=  1 nice=  0 idle/workers=  1/  1 cpu= 21 bh
pool[085] flags=0x05 ref=  1 nice=-20 idle/workers=  1/  1 cpu= 21 bh
pool[086] flags=0x00 ref=  1 nice=  0 idle/workers=  3/  3 cpu= 21
pool[087] flags=0x00 ref=  1 nice=-20 idle/workers=  2/  2 cpu= 21
pool[088] flags=0x05 ref=  1 nice=  0 idle/workers=  1/  1 cpu= 22 bh
pool[089] flags=0x05 ref=  1 nice=-20 idle/workers=  1/  1 cpu= 22 bh
pool[090] flags=0x00 ref=  1 nice=  0 idle/workers=  3/  3 cpu= 22
pool[091] flags=0x00 ref=  1 nice=-20 idle/workers=  2/  2 cpu= 22
pool[092] flags=0x05 ref=  1 nice=  0 idle/workers=  1/  1 cpu= 23 bh
pool[093] flags=0x05 ref=  1 nice=-20 idle/workers=  1/  1 cpu= 23 bh
pool[094] flags=0x00 ref=  1 nice=  0 idle/workers=  2/  2 cpu= 23
pool[095] flags=0x00 ref=  1 nice=-20 idle/workers=  2/  2 cpu= 23
pool[096] flags=0x05 ref=  1 nice=  0 idle/workers=  1/  1 cpu= 24 bh
pool[097] flags=0x05 ref=  1 nice=-20 idle/workers=  1/  1 cpu= 24 bh
pool[098] flags=0x00 ref=  1 nice=  0 idle/workers=  2/  2 cpu= 24
pool[099] flags=0x00 ref=  1 nice=-20 idle/workers=  2/  2 cpu= 24
pool[100] flags=0x05 ref=  1 nice=  0 idle/workers=  1/  1 cpu= 25 bh
pool[101] flags=0x05 ref=  1 nice=-20 idle/workers=  1/  1 cpu= 25 bh
pool[102] flags=0x00 ref=  1 nice=  0 idle/workers=  2/  2 cpu= 25
pool[103] flags=0x00 ref=  1 nice=-20 idle/workers=  2/  2 cpu= 25
pool[104] flags=0x05 ref=  1 nice=  0 idle/workers=  1/  1 cpu= 26 bh
pool[105] flags=0x05 ref=  1 nice=-20 idle/workers=  1/  1 cpu= 26 bh
pool[106] flags=0x00 ref=  1 nice=  0 idle/workers=  2/  2 cpu= 26
pool[107] flags=0x00 ref=  1 nice=-20 idle/workers=  2/  2 cpu= 26
pool[108] flags=0x05 ref=  1 nice=  0 idle/workers=  1/  1 cpu= 27 bh
pool[109] flags=0x05 ref=  1 nice=-20 idle/workers=  1/  1 cpu= 27 bh
pool[110] flags=0x00 ref=  1 nice=  0 idle/workers=  2/  2 cpu= 27
pool[111] flags=0x00 ref=  1 nice=-20 idle/workers=  2/  2 cpu= 27
pool[112] flags=0x05 ref=  1 nice=  0 idle/workers=  1/  1 cpu= 28 bh
pool[113] flags=0x05 ref=  1 nice=-20 idle/workers=  1/  1 cpu= 28 bh
pool[114] flags=0x00 ref=  1 nice=  0 idle/workers=  3/  3 cpu= 28
pool[115] flags=0x00 ref=  1 nice=-20 idle/workers=  2/  2 cpu= 28
pool[116] flags=0x05 ref=  1 nice=  0 idle/workers=  1/  1 cpu= 29 bh
pool[117] flags=0x05 ref=  1 nice=-20 idle/workers=  1/  1 cpu= 29 bh
pool[118] flags=0x00 ref=  1 nice=  0 idle/workers=  3/  3 cpu= 29
pool[119] flags=0x00 ref=  1 nice=-20 idle/workers=  2/  2 cpu= 29
pool[120] flags=0x05 ref=  1 nice=  0 idle/workers=  1/  1 cpu= 30 bh
pool[121] flags=0x05 ref=  1 nice=-20 idle/workers=  1/  1 cpu= 30 bh
pool[122] flags=0x00 ref=  1 nice=  0 idle/workers=  2/  2 cpu= 30
pool[123] flags=0x00 ref=  1 nice=-20 idle/workers=  2/  2 cpu= 30
pool[124] flags=0x05 ref=  1 nice=  0 idle/workers=  1/  1 cpu= 31 bh
pool[125] flags=0x05 ref=  1 nice=-20 idle/workers=  1/  1 cpu= 31 bh
pool[126] flags=0x00 ref=  1 nice=  0 idle/workers=  3/  3 cpu= 31
pool[127] flags=0x00 ref=  1 nice=-20 idle/workers=  2/  2 cpu= 31
pool[128] flags=0x04 ref= 72 nice=  0 idle/workers=  3/  3 cpus=ffffffff pod_cpus=ffffffff
pool[129] flags=0x04 ref=656 nice=  0 idle/workers=  5/  5 cpus=ffffffff pod_cpus=0000ffff
pool[130] flags=0x04 ref=328 nice=  0 idle/workers=  4/  4 cpus=ffffffff pod_cpus=00ff0000
pool[131] flags=0x04 ref=328 nice=  0 idle/workers=  3/  3 cpus=ffffffff pod_cpus=ff000000
pool[132] flags=0x04 ref=  9 nice=-20 idle/workers=  2/  2 cpus=ffffffff pod_cpus=ffffffff
pool[133] flags=0x04 ref= 96 nice=-20 idle/workers=  4/  4 cpus=ffffffff pod_cpus=0000ffff
pool[134] flags=0x04 ref= 48 nice=-20 idle/workers=  3/  3 cpus=ffffffff pod_cpus=00ff0000
pool[135] flags=0x04 ref= 48 nice=-20 idle/workers=  3/  3 cpus=ffffffff pod_cpus=ff000000

Workqueue CPU -> pool
=====================
[          workqueue           \ type   CPU   0   1   2   3   4   5   6   7   8   9  10  11  12  13  14  15  16  17  18  19  20  21  22  23  24  25  26  27  28  29  30  31 dfl]
events                           percpu       2   6  10  14  18  22  26  30  34  38  42  46  50  54  58  62  66  70  74  78  82  86  90  94  98 102 106 110 114 118 122 126
events                           percpu       2   6  10  14  18  22  26  30  34  38  42  46  50  54  58  62  66  70  74  78  82  86  90  94  98 102 106 110 114 118 122 126
events_highpri                   percpu       3   7  11  15  19  23  27  31  35  39  43  47  51  55  59  63  67  71  75  79  83  87  91  95  99 103 107 111 115 119 123 127
events_long                      percpu       2   6  10  14  18  22  26  30  34  38  42  46  50  54  58  62  66  70  74  78  82  86  90  94  98 102 106 110 114 118 122 126
events_unbound                   unbound    129 129 129 129 129 129 129 129 129 129 129 129 129 129 129 129 130 130 130 130 130 130 130 130 131 131 131 131 131 131 131 131 128
events_unbound                   unbound    129 129 129 129 129 129 129 129 129 129 129 129 129 129 129 129 130 130 130 130 130 130 130 130 131 131 131 131 131 131 131 131 128
events_freezable                 percpu       2   6  10  14  18  22  26  30  34  38  42  46  50  54  58  62  66  70  74  78  82  86  90  94  98 102 106 110 114 118 122 126
events_power_efficient           percpu       2   6  10  14  18  22  26  30  34  38  42  46  50  54  58  62  66  70  74  78  82  86  90  94  98 102 106 110 114 118 122 126
events_freezable_pwr_efficient   percpu       2   6  10  14  18  22  26  30  34  38  42  46  50  54  58  62  66  70  74  78  82  86  90  94  98 102 106 110 114 118 122 126
events_bh                        bh           0   4   8  12  16  20  24  28  32  36  40  44  48  52  56  60  64  68  72  76  80  84  88  92  96 100 104 108 112 116 120 124
events_bh_highpri                bh           1   5   9  13  17  21  25  29  33  37  41  45  49  53  57  61  65  69  73  77  81  85  89  93  97 101 105 109 113 117 121 125
events_dfl_long                  unbound    129 129 129 129 129 129 129 129 129 129 129 129 129 129 129 129 130 130 130 130 130 130 130 130 131 131 131 131 131 131 131 131 128
rcu_gp                           percpu       2   6  10  14  18  22  26  30  34  38  42  46  50  54  58  62  66  70  74  78  82  86  90  94  98 102 106 110 114 118 122 126
sync_wq                          unbound    129 129 129 129 129 129 129 129 129 129 129 129 129 129 129 129 130 130 130 130 130 130 130 130 131 131 131 131 131 131 131 131 128
kvfree_rcu_reclaim               unbound    129 129 129 129 129 129 129 129 129 129 129 129 129 129 129 129 130 130 130 130 130 130 130 130 131 131 131 131 131 131 131 131 128
slub_flushwq                     percpu       2   6  10  14  18  22  26  30  34  38  42  46  50  54  58  62  66  70  74  78  82  86  90  94  98 102 106 110 114 118 122 126
netns                            ordered    128 128 128 128 128 128 128 128 128 128 128 128 128 128 128 128 128 128 128 128 128 128 128 128 128 128 128 128 128 128 128 128 128
memcg                            percpu       2   6  10  14  18  22  26  30  34  38  42  46  50  54  58  62  66  70  74  78  82  86  90  94  98 102 106 110 114 118 122 126
mm_percpu_wq                     percpu       2   6  10  14  18  22  26  30  34  38  42  46  50  54  58  62  66  70  74  78  82  86  90  94  98 102 106 110 114 118 122 126
async                            unbound    129 129 129 129 129 129 129 129 129 129 129 129 129 129 129 129 130 130 130 130 130 130 130 130 131 131 131 131 131 131 131 131 128
cpuset_migrate_mm                ordered    128 128 128 128 128 128 128 128 128 128 128 128 128 128 128 128 128 128 128 128 128 128 128 128 128 128 128 128 128 128 128 128 128
device_link_wq                   percpu       2   6  10  14  18  22  26  30  34  38  42  46  50  54  58  62  66  70  74  78  82  86  90  94  98 102 106 110 114 118 122 126
inet_frag_wq                     percpu       2   6  10  14  18  22  26  30  34  38  42  46  50  54  58  62  66  70  74  78  82  86  90  94  98 102 106 110 114 118 122 126
pm                               unbound    129 129 129 129 129 129 129 129 129 129 129 129 129 129 129 129 130 130 130 130 130 130 130 130 131 131 131 131 131 131 131 131 128
pm_fs_sync                       ordered    128 128 128 128 128 128 128 128 128 128 128 128 128 128 128 128 128 128 128 128 128 128 128 128 128 128 128 128 128 128 128 128 128
cgroup_offline                   percpu       2   6  10  14  18  22  26  30  34  38  42  46  50  54  58  62  66  70  74  78  82  86  90  94  98 102 106 110 114 118 122 126
cgroup_release                   percpu       2   6  10  14  18  22  26  30  34  38  42  46  50  54  58  62  66  70  74  78  82  86  90  94  98 102 106 110 114 118 122 126
cgroup_free                      percpu       2   6  10  14  18  22  26  30  34  38  42  46  50  54  58  62  66  70  74  78  82  86  90  94  98 102 106 110 114 118 122 126
cgroup_pidlist_destroy           percpu       2   6  10  14  18  22  26  30  34  38  42  46  50  54  58  62  66  70  74  78  82  86  90  94  98 102 106 110 114 118 122 126
cgroup_bpf_destroy               percpu       2   6  10  14  18  22  26  30  34  38  42  46  50  54  58  62  66  70  74  78  82  86  90  94  98 102 106 110 114 118 122 126
sync_wq                          percpu       2   6  10  14  18  22  26  30  34  38  42  46  50  54  58  62  66  70  74  78  82  86  90  94  98 102 106 110 114 118 122 126
thermal_events                   percpu       2   6  10  14  18  22  26  30  34  38  42  46  50  54  58  62  66  70  74  78  82  86  90  94  98 102 106 110 114 118 122 126
efi_runtime                      ordered    128 128 128 128 128 128 128 128 128 128 128 128 128 128 128 128 128 128 128 128 128 128 128 128 128 128 128 128 128 128 128 128 128
writeback                        unbound    129 129 129 129 129 129 129 129 129 129 129 129 129 129 129 129 130 130 130 130 130 130 130 130 131 131 131 131 131 131 131 131 128
cgwb_release                     percpu       2   6  10  14  18  22  26  30  34  38  42  46  50  54  58  62  66  70  74  78  82  86  90  94  98 102 106 110 114 118 122 126
kblockd                          percpu       3   7  11  15  19  23  27  31  35  39  43  47  51  55  59  63  67  71  75  79  83  87  91  95  99 103 107 111 115 119 123 127
blkcg_punt_bio                   unbound    129 129 129 129 129 129 129 129 129 129 129 129 129 129 129 129 130 130 130 130 130 130 130 130 131 131 131 131 131 131 131 131 128
kintegrityd                      percpu       3   7  11  15  19  23  27  31  35  39  43  47  51  55  59  63  67  71  75  79  83  87  91  95  99 103 107 111 115 119 123 127
leds                             ordered    128 128 128 128 128 128 128 128 128 128 128 128 128 128 128 128 128 128 128 128 128 128 128 128 128 128 128 128 128 128 128 128 128
kacpid                           percpu       2   6  10  14  18  22  26  30  34  38  42  46  50  54  58  62  66  70  74  78  82  86  90  94  98 102 106 110 114 118 122 126
kacpi_notify                     percpu       2   6  10  14  18  22  26  30  34  38  42  46  50  54  58  62  66  70  74  78  82  86  90  94  98 102 106 110 114 118 122 126
kacpi_hotplug                    ordered    128 128 128 128 128 128 128 128 128 128 128 128 128 128 128 128 128 128 128 128 128 128 128 128 128 128 128 128 128 128 128 128 128
kec                              ordered    128 128 128 128 128 128 128 128 128 128 128 128 128 128 128 128 128 128 128 128 128 128 128 128 128 128 128 128 128 128 128 128 128
kec_query                        percpu       2   6  10  14  18  22  26  30  34  38  42  46  50  54  58  62  66  70  74  78  82  86  90  94  98 102 106 110 114 118 122 126
tpm_dev_wq                       percpu       2   6  10  14  18  22  26  30  34  38  42  46  50  54  58  62  66  70  74  78  82  86  90  94  98 102 106 110 114 118 122 126
ata_sff                          percpu       2   6  10  14  18  22  26  30  34  38  42  46  50  54  58  62  66  70  74  78  82  86  90  94  98 102 106 110 114 118 122 126
usb_hub_wq                       percpu       2   6  10  14  18  22  26  30  34  38  42  46  50  54  58  62  66  70  74  78  82  86  90  94  98 102 106 110 114 118 122 126
md_bitmap                        unbound    129 129 129 129 129 129 129 129 129 129 129 129 129 129 129 129 130 130 130 130 130 130 130 130 131 131 131 131 131 131 131 131 128
md_misc                          percpu       2   6  10  14  18  22  26  30  34  38  42  46  50  54  58  62  66  70  74  78  82  86  90  94  98 102 106 110 114 118 122 126
edac-poller                      ordered    128 128 128 128 128 128 128 128 128 128 128 128 128 128 128 128 128 128 128 128 128 128 128 128 128 128 128 128 128 128 128 128 128
rproc_recovery_wq                unbound    129 129 129 129 129 129 129 129 129 129 129 129 129 129 129 129 130 130 130 130 130 130 130 130 131 131 131 131 131 131 131 131 128
devfreq_wq                       unbound    129 129 129 129 129 129 129 129 129 129 129 129 129 129 129 129 130 130 130 130 130 130 130 130 131 131 131 131 131 131 131 131 128
tc_filter_workqueue              ordered    128 128 128 128 128 128 128 128 128 128 128 128 128 128 128 128 128 128 128 128 128 128 128 128 128 128 128 128 128 128 128 128 128
inode_switch_wbs                 percpu       2   6  10  14  18  22  26  30  34  38  42  46  50  54  58  62  66  70  74  78  82  86  90  94  98 102 106 110 114 118 122 126
quota_events_unbound             unbound    129 129 129 129 129 129 129 129 129 129 129 129 129 129 129 129 130 130 130 130 130 130 130 130 131 131 131 131 131 131 131 131 128
cryptd                           percpu       2   6  10  14  18  22  26  30  34  38  42  46  50  54  58  62  66  70  74  78  82  86  90  94  98 102 106 110 114 118 122 126
kthrotld                         percpu       2   6  10  14  18  22  26  30  34  38  42  46  50  54  58  62  66  70  74  78  82  86  90  94  98 102 106 110 114 118 122 126
iou_exit                         unbound    129 129 129 129 129 129 129 129 129 129 129 129 129 129 129 129 130 130 130 130 130 130 130 130 131 131 131 131 131 131 131 131 128
acpi_thermal_pm                  percpu       3   7  11  15  19  23  27  31  35  39  43  47  51  55  59  63  67  71  75  79  83  87  91  95  99 103 107 111 115 119 123 127
ttyS-serial_8250                 unbound    129 129 129 129 129 129 129 129 129 129 129 129 129 129 129 129 130 130 130 130 130 130 130 130 131 131 131 131 131 131 131 131 128
virtio-blk                       percpu       2   6  10  14  18  22  26  30  34  38  42  46  50  54  58  62  66  70  74  78  82  86  90  94  98 102 106 110 114 118 122 126
scsi_tmf_0                       unbound    129 129 129 129 129 129 129 129 129 129 129 129 129 129 129 129 130 130 130 130 130 130 130 130 131 131 131 131 131 131 131 131 128
scsi_tmf_1                       unbound    129 129 129 129 129 129 129 129 129 129 129 129 129 129 129 129 130 130 130 130 130 130 130 130 131 131 131 131 131 131 131 131 128
scsi_tmf_2                       unbound    129 129 129 129 129 129 129 129 129 129 129 129 129 129 129 129 130 130 130 130 130 130 130 130 131 131 131 131 131 131 131 131 128
scsi_tmf_3                       unbound    129 129 129 129 129 129 129 129 129 129 129 129 129 129 129 129 130 130 130 130 130 130 130 130 131 131 131 131 131 131 131 131 128
scsi_tmf_4                       unbound    129 129 129 129 129 129 129 129 129 129 129 129 129 129 129 129 130 130 130 130 130 130 130 130 131 131 131 131 131 131 131 131 128
scsi_tmf_5                       unbound    129 129 129 129 129 129 129 129 129 129 129 129 129 129 129 129 130 130 130 130 130 130 130 130 131 131 131 131 131 131 131 131 128
scsi_tmf_6                       unbound    129 129 129 129 129 129 129 129 129 129 129 129 129 129 129 129 130 130 130 130 130 130 130 130 131 131 131 131 131 131 131 131 128
scsi_tmf_7                       unbound    129 129 129 129 129 129 129 129 129 129 129 129 129 129 129 129 130 130 130 130 130 130 130 130 131 131 131 131 131 131 131 131 128
ttyDBC-dbc_serial                unbound    129 129 129 129 129 129 129 129 129 129 129 129 129 129 129 129 130 130 130 130 130 130 130 130 131 131 131 131 131 131 131 131 128
ttyUSB-usbserial                 unbound    129 129 129 129 129 129 129 129 129 129 129 129 129 129 129 129 130 130 130 130 130 130 130 130 131 131 131 131 131 131 131 131 128
psmouse-smbus                    unbound    129 129 129 129 129 129 129 129 129 129 129 129 129 129 129 129 130 130 130 130 130 130 130 130 131 131 131 131 131 131 131 131 128
hfi-updates                      ordered    128 128 128 128 128 128 128 128 128 128 128 128 128 128 128 128 128 128 128 128 128 128 128 128 128 128 128 128 128 128 128 128 128
kdmremove                        ordered    128 128 128 128 128 128 128 128 128 128 128 128 128 128 128 128 128 128 128 128 128 128 128 128 128 128 128 128 128 128 128 128 128
dm_stripe_wq                     percpu       2   6  10  14  18  22  26  30  34  38  42  46  50  54  58  62  66  70  74  78  82  86  90  94  98 102 106 110 114 118 122 126
dm_bufio_cache                   percpu       2   6  10  14  18  22  26  30  34  38  42  46  50  54  58  62  66  70  74  78  82  86  90  94  98 102 106 110 114 118 122 126
dm_raid1_wq                      percpu       2   6  10  14  18  22  26  30  34  38  42  46  50  54  58  62  66  70  74  78  82  86  90  94  98 102 106 110 114 118 122 126
sock_diag_events                 percpu       2   6  10  14  18  22  26  30  34  38  42  46  50  54  58  62  66  70  74  78  82  86  90  94  98 102 106 110 114 118 122 126
mld                              percpu       2   6  10  14  18  22  26  30  34  38  42  46  50  54  58  62  66  70  74  78  82  86  90  94  98 102 106 110 114 118 122 126
ipv6_addrconf                    ordered    128 128 128 128 128 128 128 128 128 128 128 128 128 128 128 128 128 128 128 128 128 128 128 128 128 128 128 128 128 128 128 128 128
kstrp                            ordered    128 128 128 128 128 128 128 128 128 128 128 128 128 128 128 128 128 128 128 128 128 128 128 128 128 128 128 128 128 128 128 128 128
fscrypt_read_queue               unbound    133 133 133 133 133 133 133 133 133 133 133 133 133 133 133 133 134 134 134 134 134 134 134 134 135 135 135 135 135 135 135 135 132
fsverity_read_queue              percpu       3   7  11  15  19  23  27  31  35  39  43  47  51  55  59  63  67  71  75  79  83  87  91  95  99 103 107 111 115 119 123 127
tr_max_lat_wq                    unbound    133 133 133 133 133 133 133 133 133 133 133 133 133 133 133 133 134 134 134 134 134 134 134 134 135 135 135 135 135 135 135 135 132
kmpath_rdacd                     ordered    128 128 128 128 128 128 128 128 128 128 128 128 128 128 128 128 128 128 128 128 128 128 128 128 128 128 128 128 128 128 128 128 128
kaluad                           percpu       2   6  10  14  18  22  26  30  34  38  42  46  50  54  58  62  66  70  74  78  82  86  90  94  98 102 106 110 114 118 122 126
vfio-irqfd-cleanup               ordered    128 128 128 128 128 128 128 128 128 128 128 128 128 128 128 128 128 128 128 128 128 128 128 128 128 128 128 128 128 128 128 128 128
gpiochip0                        ordered    132 132 132 132 132 132 132 132 132 132 132 132 132 132 132 132 132 132 132 132 132 132 132 132 132 132 132 132 132 132 132 132 132
nvme-wq                          unbound    129 129 129 129 129 129 129 129 129 129 129 129 129 129 129 129 130 130 130 130 130 130 130 130 131 131 131 131 131 131 131 131 128
nvme-reset-wq                    unbound    129 129 129 129 129 129 129 129 129 129 129 129 129 129 129 129 130 130 130 130 130 130 130 130 131 131 131 131 131 131 131 131 128
nvme-delete-wq                   unbound    129 129 129 129 129 129 129 129 129 129 129 129 129 129 129 129 130 130 130 130 130 130 130 130 131 131 131 131 131 131 131 131 128
nvme-auth-wq                     unbound    129 129 129 129 129 129 129 129 129 129 129 129 129 129 129 129 130 130 130 130 130 130 130 130 131 131 131 131 131 131 131 131 128
i915                             ordered    128 128 128 128 128 128 128 128 128 128 128 128 128 128 128 128 128 128 128 128 128 128 128 128 128 128 128 128 128 128 128 128 128
i915-unordered                   percpu       2   6  10  14  18  22  26  30  34  38  42  46  50  54  58  62  66  70  74  78  82  86  90  94  98 102 106 110 114 118 122 126
ttm                              unbound    133 133 133 133 133 133 133 133 133 133 133 133 133 133 133 133 134 134 134 134 134 134 134 134 135 135 135 135 135 135 135 135 132
intel-dp                         ordered    128 128 128 128 128 128 128 128 128 128 128 128 128 128 128 128 128 128 128 128 128 128 128 128 128 128 128 128 128 128 128 128 128
i915_modeset                     ordered    128 128 128 128 128 128 128 128 128 128 128 128 128 128 128 128 128 128 128 128 128 128 128 128 128 128 128 128 128 128 128 128 128
i915_flip                        unbound    133 133 133 133 133 133 133 133 133 133 133 133 133 133 133 133 134 134 134 134 134 134 134 134 135 135 135 135 135 135 135 135 132
i915_cleanup                     percpu       3   7  11  15  19  23  27  31  35  39  43  47  51  55  59  63  67  71  75  79  83  87  91  95  99 103 107 111 115 119 123 127
display_unordered                percpu       2   6  10  14  18  22  26  30  34  38  42  46  50  54  58  62  66  70  74  78  82  86  90  94  98 102 106 110 114 118 122 126
drm_dp_mst_wq                    ordered    128 128 128 128 128 128 128 128 128 128 128 128 128 128 128 128 128 128 128 128 128 128 128 128 128 128 128 128 128 128 128 128 128
kdmflush/252:0                   percpu       2   6  10  14  18  22  26  30  34  38  42  46  50  54  58  62  66  70  74  78  82  86  90  94  98 102 106 110 114 118 122 126
xfsalloc                         percpu       2   6  10  14  18  22  26  30  34  38  42  46  50  54  58  62  66  70  74  78  82  86  90  94  98 102 106 110 114 118 122 126
xfsdiscard                       unbound    129 129 129 129 129 129 129 129 129 129 129 129 129 129 129 129 130 130 130 130 130 130 130 130 131 131 131 131 131 131 131 131 128
xfs_mru_cache                    percpu       2   6  10  14  18  22  26  30  34  38  42  46  50  54  58  62  66  70  74  78  82  86  90  94  98 102 106 110 114 118 122 126
xfs-buf/dm-0                     percpu       2   6  10  14  18  22  26  30  34  38  42  46  50  54  58  62  66  70  74  78  82  86  90  94  98 102 106 110 114 118 122 126
xfs-conv/dm-0                    percpu       2   6  10  14  18  22  26  30  34  38  42  46  50  54  58  62  66  70  74  78  82  86  90  94  98 102 106 110 114 118 122 126
xfs-reclaim/dm-0                 percpu       2   6  10  14  18  22  26  30  34  38  42  46  50  54  58  62  66  70  74  78  82  86  90  94  98 102 106 110 114 118 122 126
xfs-blockgc/dm-0                 unbound    129 129 129 129 129 129 129 129 129 129 129 129 129 129 129 129 130 130 130 130 130 130 130 130 131 131 131 131 131 131 131 131 128
xfs-inodegc/dm-0                 percpu       2   6  10  14  18  22  26  30  34  38  42  46  50  54  58  62  66  70  74  78  82  86  90  94  98 102 106 110 114 118 122 126
xfs-sync/dm-0                    percpu       2   6  10  14  18  22  26  30  34  38  42  46  50  54  58  62  66  70  74  78  82  86  90  94  98 102 106 110 114 118 122 126
xfs-log/dm-0                     percpu       3   7  11  15  19  23  27  31  35  39  43  47  51  55  59  63  67  71  75  79  83  87  91  95  99 103 107 111 115 119 123 127
xfs-cil/dm-0                     unbound    129 129 129 129 129 129 129 129 129 129 129 129 129 129 129 129 130 130 130 130 130 130 130 130 131 131 131 131 131 131 131 131 128
kmpathd                          percpu       2   6  10  14  18  22  26  30  34  38  42  46  50  54  58  62  66  70  74  78  82  86  90  94  98 102 106 110 114 118 122 126
kmpath_handlerd                  ordered    128 128 128 128 128 128 128 128 128 128 128 128 128 128 128 128 128 128 128 128 128 128 128 128 128 128 128 128 128 128 128 128 128
dm_mpath_wq                      percpu       2   6  10  14  18  22  26  30  34  38  42  46  50  54  58  62  66  70  74  78  82  86  90  94  98 102 106 110 114 118 122 126
rpciod                           unbound    129 129 129 129 129 129 129 129 129 129 129 129 129 129 129 129 130 130 130 130 130 130 130 130 131 131 131 131 131 131 131 131 128
xprtiod                          unbound    129 129 129 129 129 129 129 129 129 129 129 129 129 129 129 129 130 130 130 130 130 130 130 130 131 131 131 131 131 131 131 131 128
nfsd4                            unbound    129 129 129 129 129 129 129 129 129 129 129 129 129 129 129 129 130 130 130 130 130 130 130 130 131 131 131 131 131 131 131 131 128
cfg80211                         ordered    128 128 128 128 128 128 128 128 128 128 128 128 128 128 128 128 128 128 128 128 128 128 128 128 128 128 128 128 128 128 128 128 128
led_workqueue                    ordered    128 128 128 128 128 128 128 128 128 128 128 128 128 128 128 128 128 128 128 128 128 128 128 128 128 128 128 128 128 128 128 128 128
rb_allocator                     unbound    133 133 133 133 133 133 133 133 133 133 133 133 133 133 133 133 134 134 134 134 134 134 134 134 135 135 135 135 135 135 135 135 132
hci0                             ordered    132 132 132 132 132 132 132 132 132 132 132 132 132 132 132 132 132 132 132 132 132 132 132 132 132 132 132 132 132 132 132 132 132
hci0                             ordered    132 132 132 132 132 132 132 132 132 132 132 132 132 132 132 132 132 132 132 132 132 132 132 132 132 132 132 132 132 132 132 132 132
kvm-irqfd-cleanup                percpu       2   6  10  14  18  22  26  30  34  38  42  46  50  54  58  62  66  70  74  78  82  86  90  94  98 102 106 110 114 118 122 126
phy0                             ordered    128 128 128 128 128 128 128 128 128 128 128 128 128 128 128 128 128 128 128 128 128 128 128 128 128 128 128 128 128 128 128 128 128
xfs-buf/nvme1n1p2                percpu       2   6  10  14  18  22  26  30  34  38  42  46  50  54  58  62  66  70  74  78  82  86  90  94  98 102 106 110 114 118 122 126
xfs-conv/nvme1n1p2               percpu       2   6  10  14  18  22  26  30  34  38  42  46  50  54  58  62  66  70  74  78  82  86  90  94  98 102 106 110 114 118 122 126
xfs-reclaim/nvme1n1p2            percpu       2   6  10  14  18  22  26  30  34  38  42  46  50  54  58  62  66  70  74  78  82  86  90  94  98 102 106 110 114 118 122 126
xfs-blockgc/nvme1n1p2            unbound    129 129 129 129 129 129 129 129 129 129 129 129 129 129 129 129 130 130 130 130 130 130 130 130 131 131 131 131 131 131 131 131 128
xfs-inodegc/nvme1n1p2            percpu       2   6  10  14  18  22  26  30  34  38  42  46  50  54  58  62  66  70  74  78  82  86  90  94  98 102 106 110 114 118 122 126
xfs-sync/nvme1n1p2               percpu       2   6  10  14  18  22  26  30  34  38  42  46  50  54  58  62  66  70  74  78  82  86  90  94  98 102 106 110 114 118 122 126
xfs-log/nvme1n1p2                percpu       3   7  11  15  19  23  27  31  35  39  43  47  51  55  59  63  67  71  75  79  83  87  91  95  99 103 107 111 115 119 123 127
xfs-cil/nvme1n1p2                unbound    129 129 129 129 129 129 129 129 129 129 129 129 129 129 129 129 130 130 130 130 130 130 130 130 131 131 131 131 131 131 131 131 128
qrtr_ns_handler                  ordered    128 128 128 128 128 128 128 128 128 128 128 128 128 128 128 128 128 128 128 128 128 128 128 128 128 128 128 128 128 128 128 128 128
infiniband                       percpu       2   6  10  14  18  22  26  30  34  38  42  46  50  54  58  62  66  70  74  78  82  86  90  94  98 102 106 110 114 118 122 126
ib-unreg-wq                      unbound    129 129 129 129 129 129 129 129 129 129 129 129 129 129 129 129 130 130 130 130 130 130 130 130 131 131 131 131 131 131 131 131 128
ib-comp-wq                       percpu       3   7  11  15  19  23  27  31  35  39  43  47  51  55  59  63  67  71  75  79  83  87  91  95  99 103 107 111 115 119 123 127
ib-comp-unb-wq                   unbound    133 133 133 133 133 133 133 133 133 133 133 133 133 133 133 133 134 134 134 134 134 134 134 134 135 135 135 135 135 135 135 135 132
ib_addr                          ordered    128 128 128 128 128 128 128 128 128 128 128 128 128 128 128 128 128 128 128 128 128 128 128 128 128 128 128 128 128 128 128 128 128
ib_mcast                         ordered    128 128 128 128 128 128 128 128 128 128 128 128 128 128 128 128 128 128 128 128 128 128 128 128 128 128 128 128 128 128 128 128 128
ib_nl_sa_wq                      ordered    128 128 128 128 128 128 128 128 128 128 128 128 128 128 128 128 128 128 128 128 128 128 128 128 128 128 128 128 128 128 128 128 128
gid-cache-wq                     ordered    128 128 128 128 128 128 128 128 128 128 128 128 128 128 128 128 128 128 128 128 128 128 128 128 128 128 128 128 128 128 128 128 128
ib_cm                            percpu       2   6  10  14  18  22  26  30  34  38  42  46  50  54  58  62  66  70  74  78  82  86  90  94  98 102 106 110 114 118 122 126
iw_cm_wq                         ordered    128 128 128 128 128 128 128 128 128 128 128 128 128 128 128 128 128 128 128 128 128 128 128 128 128 128 128 128 128 128 128 128 128
rdma_cm                          ordered    128 128 128 128 128 128 128 128 128 128 128 128 128 128 128 128 128 128 128 128 128 128 128 128 128 128 128 128 128 128 128 128 128
svcrdma                          unbound    129 129 129 129 129 129 129 129 129 129 129 129 129 129 129 129 130 130 130 130 130 130 130 130 131 131 131 131 131 131 131 131 128
rfcomm-rfcomm                    unbound    129 129 129 129 129 129 129 129 129 129 129 129 129 129 129 129 130 130 130 130 130 130 130 130 131 131 131 131 131 131 131 131 128
dio/dm-0                         percpu       2   6  10  14  18  22  26  30  34  38  42  46  50  54  58  62  66  70  74  78  82  86  90  94  98 102 106 110 114 118 122 126
nfsd4_callbacks                  ordered    128 128 128 128 128 128 128 128 128 128 128 128 128 128 128 128 128 128 128 128 128 128 128 128 128 128 128 128 128 128 128 128 128

Workqueue -> rescuer
====================
[          workqueue           \ unbound_cpus    pid rescuer_cpus ]
rcu_gp                                             4 ffffffff    
sync_wq                          ffffffff          5 ffffffff    
kvfree_rcu_reclaim               ffffffff          6 ffffffff    
slub_flushwq                                       7 ffffffff    
netns                            ffffffff          8 ffffffff    
mm_percpu_wq                                      13 ffffffff    
inet_frag_wq                                     214 ffffffff    
writeback                        ffffffff        221 ffffffff    
kblockd                                          225 ffffffff    
blkcg_punt_bio                   ffffffff        226 ffffffff    
kintegrityd                                      227 ffffffff    
tpm_dev_wq                                       229 ffffffff    
ata_sff                                          230 ffffffff    
md_bitmap                        ffffffff        231 ffffffff    
edac-poller                      ffffffff        232 ffffffff    
devfreq_wq                       ffffffff        233 ffffffff    
quota_events_unbound             ffffffff        235 ffffffff    
cryptd                                           240 ffffffff    
kthrotld                                         243 ffffffff    
acpi_thermal_pm                                  251 ffffffff    
scsi_tmf_0                       ffffffff        256 ffffffff    
scsi_tmf_1                       ffffffff        258 ffffffff    
scsi_tmf_2                       ffffffff        260 ffffffff    
scsi_tmf_3                       ffffffff        262 ffffffff    
scsi_tmf_4                       ffffffff        264 ffffffff    
scsi_tmf_5                       ffffffff        266 ffffffff    
scsi_tmf_6                       ffffffff        268 ffffffff    
scsi_tmf_7                       ffffffff        270 ffffffff    
hfi-updates                      ffffffff        277 ffffffff    
dm_bufio_cache                                   278 ffffffff    
mld                                              280 ffffffff    
ipv6_addrconf                    ffffffff        281 ffffffff    
kstrp                            ffffffff        282 ffffffff    
kmpath_rdacd                     ffffffff        446 ffffffff    
kaluad                                           447 ffffffff    
vfio-irqfd-cleanup               ffffffff        451 ffffffff    
nvme-wq                          ffffffff        660 ffffffff    
nvme-reset-wq                    ffffffff        661 ffffffff    
nvme-delete-wq                   ffffffff        662 ffffffff    
nvme-auth-wq                     ffffffff        663 ffffffff    
ttm                              ffffffff        695 ffffffff    
kdmflush/252:0                                   751 ffffffff    
xfsalloc                                         771 ffffffff    
xfs_mru_cache                                    772 ffffffff    
xfs-buf/dm-0                                     773 ffffffff    
xfs-conv/dm-0                                    774 ffffffff    
xfs-reclaim/dm-0                                 775 ffffffff    
xfs-blockgc/dm-0                 ffffffff        776 ffffffff    
xfs-inodegc/dm-0                                 777 ffffffff    
xfs-log/dm-0                                     778 ffffffff    
xfs-cil/dm-0                     ffffffff        779 ffffffff    
kmpathd                                          881 ffffffff    
kmpath_handlerd                  ffffffff        882 ffffffff    
rpciod                           ffffffff        910 ffffffff    
xprtiod                          ffffffff        911 ffffffff    
cfg80211                         ffffffff       1201 ffffffff    
led_workqueue                    ffffffff       1206 ffffffff    
xfs-buf/nvme1n1p2                               1341 ffffffff    
xfs-conv/nvme1n1p2                              1342 ffffffff    
xfs-reclaim/nvme1n1p2                           1343 ffffffff    
xfs-blockgc/nvme1n1p2            ffffffff       1344 ffffffff    
xfs-inodegc/nvme1n1p2                           1345 ffffffff    
xfs-log/nvme1n1p2                               1347 ffffffff    
xfs-cil/nvme1n1p2                ffffffff       1348 ffffffff    
ib-comp-wq                                      2608 ffffffff    
ib-comp-unb-wq                   ffffffff       2609 ffffffff    
ib_mcast                         ffffffff       2610 ffffffff    
ib_nl_sa_wq                      ffffffff       2611 ffffffff    
iw_cm_wq                         ffffffff       2649 ffffffff    
rdma_cm                          ffffffff       2665 ffffffff    
dio/dm-0                                       41420 ffffffff    

Unbound workqueue -> node_nr/max_active
=======================================
online_cpus=ffffffff
NODE[00]=ffffffff

[           workqueue             min  max    NODE 0       dfl ]

events_unbound                      8 2048    0/2048    0/2048
events_unbound                      8 2048    0/2048    0/2048
events_dfl_long                     8 2048    0/2048    0/2048
sync_wq                             8 1024    0/1024    0/1024
kvfree_rcu_reclaim                  8 1024    0/1024    0/1024
netns                               1    1       0/1       0/1
async                            1024 1024    0/1024    0/1024
cpuset_migrate_mm                   1    1       0/1       0/1
pm                                  8 1024    0/1024    0/1024
pm_fs_sync                          1    1       0/1       0/1
efi_runtime                         1    1       0/1       0/1
writeback                           8 1024    0/1024    0/1024
blkcg_punt_bio                      8 1024    0/1024    0/1024
leds                                1    1       0/1       0/1
kacpi_hotplug                       1    1       0/1       0/1
kec                                 1    1       0/1       0/1
md_bitmap                           8 1024    0/1024    0/1024
edac-poller                         1    1       0/1       0/1
rproc_recovery_wq                   8 1024    0/1024    0/1024
devfreq_wq                          1    1       0/1       0/1
tc_filter_workqueue                 1    1       0/1       0/1
quota_events_unbound                8 2048    0/2048    0/2048
iou_exit                            8   64      0/64      0/64
ttyS-serial_8250                    8 1024    0/1024    0/1024
scsi_tmf_0                          1    1       0/1       0/1
scsi_tmf_1                          1    1       0/1       0/1
scsi_tmf_2                          1    1       0/1       0/1
scsi_tmf_3                          1    1       0/1       0/1
scsi_tmf_4                          1    1       0/1       0/1
scsi_tmf_5                          1    1       0/1       0/1
scsi_tmf_6                          1    1       0/1       0/1
scsi_tmf_7                          1    1       0/1       0/1
ttyDBC-dbc_serial                   8 1024    0/1024    0/1024
ttyUSB-usbserial                    8 1024    0/1024    0/1024
psmouse-smbus                       8 1024    0/1024    0/1024
hfi-updates                         1    1       0/1       0/1
kdmremove                           1    1       0/1       0/1
ipv6_addrconf                       1    1       0/1       0/1
kstrp                               1    1       0/1       0/1
fscrypt_read_queue                  8   32      0/32      0/32
tr_max_lat_wq                       8 1024    0/1024    0/1024
kmpath_rdacd                        1    1       0/1       0/1
vfio-irqfd-cleanup                  1    1       0/1       0/1
gpiochip0                           1    1       0/1       0/1
nvme-wq                             8 1024    0/1024    0/1024
nvme-reset-wq                       8 1024    0/1024    0/1024
nvme-delete-wq                      8 1024    0/1024    0/1024
nvme-auth-wq                        8 1024    0/1024    0/1024
i915                                1    1       0/1       0/1
ttm                                 8   16      0/16      0/16
intel-dp                            1    1       0/1       0/1
i915_modeset                        1    1       0/1       0/1
i915_flip                           8 2048    0/2048    0/2048
drm_dp_mst_wq                       1    1       0/1       0/1
xfsdiscard                          8 1024    0/1024    0/1024
xfs-blockgc/dm-0                    8 1024    0/1024    0/1024
xfs-cil/dm-0                        4    4       0/4       0/4
kmpath_handlerd                     1    1       0/1       0/1
rpciod                              8 1024    0/1024    0/1024
xprtiod                             8 1024    0/1024    0/1024
nfsd4                               8 1024    0/1024    0/1024
cfg80211                            1    1       0/1       0/1
led_workqueue                       1    1       0/1       0/1
rb_allocator                        8 1024    0/1024    0/1024
hci0                                1    1       0/1       0/1
hci0                                1    1       0/1       0/1
phy0                                1    1       0/1       0/1
xfs-blockgc/nvme1n1p2               8 1024    0/1024    0/1024
xfs-cil/nvme1n1p2                   4    4       0/4       0/4
qrtr_ns_handler                     1    1       0/1       0/1
ib-unreg-wq                         8 2048    0/2048    0/2048
ib-comp-unb-wq                      8 2048    0/2048    0/2048
ib_addr                             1    1       0/1       0/1
ib_mcast                            1    1       0/1       0/1
ib_nl_sa_wq                         1    1       0/1       0/1
gid-cache-wq                        1    1       0/1       0/1
iw_cm_wq                            1    1       0/1       0/1
rdma_cm                             1    1       0/1       0/1
svcrdma                             8 1024    0/1024    0/1024
rfcomm-rfcomm                       8 1024    0/1024    0/1024
nfsd4_callbacks                     1    1       0/1       0/1
